ninputs 2
noutputs 1
ndata 10
maxiter 20
xlabels x1 x2
zlabels z1
monomialpower 1 2 3 4 5 6 
multi2power 1 2 
trace 1
tracefname trace.trc
simulator simwrapper.py
xmax 1.565287817249056 0.9572475694147393
xmin -1.9811245752361097 -0.7832462190714897
begin_data
0.17361976716386174 -0.4432612298124077 -0.5897863482894306 
-0.30192963700346764 0.6895522646398073 -0.8583451288536348 
-1.9811245752361097 -0.7568617584337716 4.024115466975411 
0.6829963389071145 0.6517055102100953 0.9105781466881149 
-1.453173641260188 0.1501866588545 1.9147616212616931 
1.565287817249056 -0.5815957557656208 0.2910382720220688 
-1.2586871217996998 -0.7832462190714897 2.4290896722960778 
-1.1212100295000313 0.9572475694147393 0.9919947553487758 
1.246732596357293 -0.6561179745348116 0.5968869926683085 
1.2648989949033598 -0.45185250591660164 1.167850366995701 
end_data
